STATIONS_ID;MESS_DATUM;QN_3;FX;FM;QN_4;RSK;RSKF;SDK;SHK_TAG;NM;VPM;PM;TMK;UPM;TXK;TNK;TGK;eor
3379;20170221;10;15.4;6.3;3;3.4;4;0.000;-999;7.7;9.6;955.46;8.4;86.46;9.6;6.6;5.5;eor
3379;20170222;10;22.5;6.9;3;0.1;4;2.300;-999;6.9;8.8;952.40;10.1;71.17;12.3;9.1;7.3;eor
3379;20170223;10;22.6;6.8;3;0.7;4;4.933;-999;5.8;5.8;944.30;13.3;41.04;19.0;7.2;3.3;eor
3379;20170224;10;18.4;5.5;3;0.5;4;1.567;-999;7.2;6.2;949.85;5.2;70.83;11.9;1.3;-1.2;eor
3379;20170225;10;5.7;1.9;3;0.0;0;9.433;-999;0.7;5.1;959.38;3.9;65.92;9.7;-0.9;-3.5;eor
3379;20170226;10;7.9;2.3;3;0.0;0;2.400;-999;5.1;5.3;955.21;6.0;58.63;11.6;0.9;-1.5;eor
3379;20170227;10;6.4;1.9;3;0.0;4;7.100;-999;2.0;5.7;946.72;7.7;57.50;15.8;0.6;-3.2;eor
3379;20170228;10;14.6;4.1;3;14.9;4;0.000;-999;-999;6.4;938.93;4.4;77.71;9.2;1.6;0.0;eor
3379;20170301;10;16.8;5.7;3;3.9;4;1.350;-999;6.8;5.9;946.11;5.4;66.21;8.1;1.4;0.1;eor
3379;20170302;10;17.8;6.1;3;0.1;4;4.200;-999;4.6;6.4;951.80;7.5;62.50;10.7;3.4;0.1;eor
3379;20170303;10;8.0;2.8;3;0.0;0;4.617;-999;6.0;5.1;950.37;7.2;51.46;13.1;1.0;-2.4;eor
3379;20170304;10;19.6;4.3;3;0.0;4;6.050;-999;3.8;5.9;936.83;12.6;42.50;18.9;6.8;1.8;eor
3379;20170305;10;10.1;3.5;3;1.1;4;3.267;-999;5.9;6.4;943.93;7.2;63.88;11.0;4.5;2.1;eor
3379;20170306;10;15.3;4.6;3;1.0;4;1.517;-999;7.1;6.4;942.62;5.8;70.71;9.6;3.6;1.8;eor
3379;20170307;10;11.7;4.4;3;3.1;4;1.700;-999;6.6;6.7;951.95;3.9;83.04;7.1;2.5;1.0;eor
3379;20170308;10;12.4;3.0;3;8.0;4;3.400;-999;6.3;6.6;959.91;5.6;73.96;8.8;2.3;0.0;eor
3379;20170309;10;12.6;4.4;3;9.1;4;0.000;-999;7.3;10.4;957.57;8.7;92.04;9.7;7.8;6.5;eor
3379;20170310;10;14.2;4.4;3;0.0;0;3.917;-999;5.1;6.1;962.97;5.7;66.92;8.8;0.3;-2.7;eor
3379;20170311;10;7.0;2.3;3;0.0;0;4.917;-999;5.1;5.4;960.63;4.9;64.58;11.3;-1.4;-4.5;eor
3379;20170312;10;9.6;3.3;3;0.0;0;9.600;-999;1.6;5.4;955.14;4.9;64.08;10.7;0.3;-2.6;eor
3379;20170313;10;4.8;1.9;3;0.0;0;8.017;-999;3.8;5.3;961.67;4.8;62.33;12.0;-1.4;-4.1;eor
3379;20170314;10;9.0;2.5;3;0.0;0;4.633;-999;5.5;6.0;968.50;7.9;58.17;13.1;2.5;-0.6;eor
3379;20170315;10;6.9;2.3;3;0.0;0;2.850;-999;4.3;7.6;968.18;8.3;70.58;13.1;3.5;-0.3;eor
3379;20170316;10;5.4;1.4;3;0.0;0;8.583;-999;2.0;6.2;962.85;8.0;63.38;15.8;1.3;-2.2;eor
3379;20170317;10;17.3;4.8;3;3.3;4;8.800;-999;3.2;8.2;954.02;12.2;58.63;19.4;5.7;1.8;eor
3379;20170318;10;22.5;8.2;3;4.2;4;0.000;-999;7.7;8.6;949.50;8.8;75.63;10.2;7.1;5.9;eor
3379;20170319;10;18.6;6.6;3;0.0;4;0.150;-999;7.8;10.5;951.20;11.5;77.50;14.4;8.7;7.5;eor
3379;20170320;10;10.8;3.3;3;0.3;4;3.317;-999;6.3;10.1;950.98;11.5;74.63;15.5;8.0;7.4;eor
3379;20170321;10;11.1;2.9;3;2.1;4;2.167;-999;7.7;8.8;949.96;11.1;66.96;14.5;6.8;6.7;eor
3379;20170322;10;6.3;2.3;3;2.3;4;0.000;-999;7.9;9.3;950.94;7.2;91.58;8.7;5.4;5.0;eor
3379;20170323;10;8.8;2.7;3;0.0;4;7.333;-999;4.0;9.5;953.44;9.4;82.08;14.8;5.7;3.9;eor
3379;20170324;10;10.6;3.1;3;0.0;4;0.000;-999;7.8;8.7;962.08;6.7;89.13;8.8;5.0;3.2;eor
3379;20170325;10;11.7;4.2;3;0.0;0;7.600;-999;3.8;7.3;961.57;8.6;66.75;13.8;5.4;3.0;eor
3379;20170326;10;12.4;3.5;3;0.0;0;9.667;-999;0.8;5.5;959.56;7.7;54.17;12.7;3.9;1.4;eor
3379;20170327;10;10.9;3.2;3;0.0;0;12.183;-999;0.1;4.8;961.19;8.5;46.08;17.0;1.1;-2.1;eor
3379;20170328;10;8.9;2.3;3;0.0;0;11.783;-999;0.3;6.5;961.67;11.2;51.67;19.0;1.9;-0.9;eor
3379;20170329;10;10.1;3.2;3;0.0;0;9.917;-999;2.0;8.4;964.40;13.6;55.08;19.2;8.8;5.5;eor
3379;20170330;10;6.4;2.1;3;0.0;0;10.817;-999;0.6;8.8;964.24;13.7;57.71;20.4;7.0;4.2;eor
3379;20170331;10;5.8;1.6;3;0.0;0;11.233;-999;0.0;8.7;957.07;15.1;55.58;23.9;6.3;3.2;eor
3379;20170401;10;5.9;2.0;3;0.0;0;7.250;-999;2.8;8.1;950.30;15.7;48.50;22.9;8.6;5.4;eor
3379;20170402;10;8.4;2.7;3;0.0;0;9.767;-999;1.7;9.8;955.37;13.8;63.21;19.8;8.3;6.2;eor
3379;20170403;10;7.9;2.1;3;2.9;4;1.233;-999;5.0;10.8;960.37;11.5;80.38;16.9;8.6;5.9;eor
3379;20170404;10;9.0;1.8;3;7.2;4;1.333;-999;6.8;9.5;960.20;8.7;85.38;12.9;5.7;3.9;eor
3379;20170405;10;6.0;1.6;3;0.0;0;0.567;-999;7.8;8.8;959.84;9.1;77.96;13.3;5.7;4.4;eor
3379;20170406;10;9.7;3.4;3;0.0;4;0.917;-999;7.6;6.0;961.70;6.9;60.25;9.3;5.1;2.2;eor
3379;20170407;10;10.3;3.7;3;0.0;4;3.167;-999;7.3;6.9;961.32;9.1;60.13;14.6;5.1;4.2;eor
3379;20170408;10;5.9;1.8;3;0.0;0;11.783;-999;0.7;8.3;961.68;11.5;63.13;18.7;4.2;1.6;eor
3379;20170409;10;6.4;1.8;3;0.0;0;12.350;-999;0.3;9.2;961.62;14.4;60.17;22.2;5.8;2.8;eor
3379;20170410;10;16.3;4.2;3;1.0;4;9.617;-999;2.5;8.9;957.47;16.6;49.04;23.5;10.4;6.9;eor
3379;20170411;10;9.3;2.9;3;0.0;0;5.317;-999;4.6;7.1;961.28;9.7;59.33;13.6;4.4;2.2;eor
3379;20170412;10;9.9;2.9;3;0.0;0;8.900;-999;5.2;7.2;956.47;12.1;55.00;18.8;3.4;1.5;eor
3379;20170413;10;12.8;3.9;3;0.0;4;0.267;-999;7.3;7.7;953.02;11.9;55.54;14.6;8.8;5.2;eor
3379;20170414;10;7.9;2.4;3;0.0;0;0.483;-999;7.8;7.5;954.68;10.3;60.17;13.4;7.6;5.2;eor
3379;20170415;10;13.7;4.0;3;1.3;4;0.650;-999;7.6;8.6;954.29;10.9;65.92;15.1;7.3;6.4;eor
3379;20170416;10;10.8;3.7;3;5.9;4;0.000;-999;7.5;7.7;957.23;6.1;81.83;7.7;3.3;2.9;eor
3379;20170417;10;17.5;4.4;3;8.4;4;0.367;-999;7.7;7.6;954.77;5.3;85.04;8.6;2.4;2.0;eor
3379;20170418;10;11.3;3.5;3;8.3;4;2.033;-999;7.0;6.3;957.77;1.8;90.42;5.3;0.1;-0.2;eor
3379;20170419;10;12.8;3.0;3;0.9;4;1.317;-999;7.6;5.2;965.12;1.6;76.38;4.9;0.1;-0.3;eor
3379;20170420;10;7.3;2.2;3;0.0;4;3.200;-999;6.4;4.3;969.80;2.2;61.71;6.1;-1.3;-2.6;eor
3379;20170421;10;8.1;3.1;3;0.0;0;11.317;-999;2.6;4.7;967.33;6.1;52.50;11.9;-0.4;-2.3;eor
3379;20170422;10;13.3;4.0;3;1.7;4;0.017;-999;6.2;6.8;960.60;7.2;67.71;11.3;3.9;1.1;eor
3379;20170423;10;10.5;3.2;3;0.0;4;4.733;-999;5.0;6.0;960.85;5.6;67.00;10.0;0.5;-2.1;eor
3379;20170424;10;8.9;2.0;3;0.0;4;12.900;-999;1.3;6.2;954.29;9.0;57.21;17.1;-1.0;-3.1;eor
3379;20170425;10;12.1;2.9;3;18.3;4;0.117;-999;7.4;9.6;946.64;10.5;76.58;14.8;4.7;4.3;eor
3379;20170426;10;6.0;2.0;3;17.7;4;0.000;-999;7.9;7.2;948.02;3.0;94.33;4.9;1.5;1.0;eor
3379;20170427;10;5.0;2.0;3;17.0;4;0.000;-999;7.8;6.9;951.29;2.5;94.00;4.6;0.4;-0.2;eor
3379;20170428;10;7.4;1.9;3;13.5;4;0.000;-999;7.6;6.8;951.40;1.9;96.21;3.6;0.3;-0.2;eor
3379;20170429;10;6.7;2.3;3;0.0;0;5.333;-999;5.1;6.3;955.98;6.8;67.04;12.6;1.8;-0.3;eor
3379;20170430;10;10.8;3.6;3;0.0;0;13.500;-999;0.0;7.1;950.60;9.5;62.79;16.8;0.0;-1.9;eor
3379;20170501;10;11.4;3.9;3;17.8;4;4.733;-999;5.8;8.0;949.79;6.7;82.96;14.3;3.4;1.5;eor
3379;20170502;10;11.3;3.6;3;0.0;4;5.867;-999;6.0;7.9;953.87;9.6;68.75;15.9;3.8;3.3;eor
3379;20170503;10;6.5;2.2;3;0.0;0;2.333;-999;7.2;9.3;955.05;10.6;73.17;15.1;7.7;6.9;eor
3379;20170504;10;12.8;2.5;3;1.9;4;2.733;-999;7.0;9.8;953.20;10.4;78.58;14.8;8.2;6.9;eor
3379;20170505;10;7.7;2.6;3;0.0;4;5.383;-999;5.2;9.7;956.19;10.8;76.63;15.5;7.7;5.7;eor
3379;20170506;10;12.5;3.1;3;6.8;4;10.767;-999;3.7;9.9;949.56;14.0;65.67;22.0;5.3;3.1;eor
3379;20170507;10;11.7;4.3;3;11.5;4;0.000;-999;7.9;11.7;952.74;10.6;91.63;12.7;9.2;8.5;eor
3379;20170508;10;14.7;3.9;3;27.2;4;0.000;-999;7.8;11.2;953.81;9.3;94.92;11.3;6.5;6.2;eor
3379;20170509;10;6.7;2.4;3;0.5;4;0.983;-999;7.5;7.7;954.82;7.7;74.88;11.2;4.8;3.3;eor
3379;20170510;10;6.2;2.1;3;0.0;0;14.067;-999;0.2;7.8;948.37;10.4;65.63;17.8;2.1;0.4;eor
3379;20170511;10;9.1;3.0;3;0.4;4;9.550;-999;3.7;9.3;941.73;16.4;53.46;23.9;6.4;4.2;eor
3379;20170512;10;11.5;2.9;3;0.3;4;6.833;-999;6.5;11.1;944.21;16.7;60.54;22.4;12.7;11.5;eor
3379;20170513;10;8.5;2.8;3;2.8;4;7.167;-999;5.6;12.4;952.20;16.4;67.63;22.4;12.6;11.2;eor
3379;20170514;10;10.7;2.1;3;10.3;4;1.800;-999;7.3;13.3;960.91;14.9;79.08;19.7;12.1;11.1;eor
3379;20170515;10;11.1;2.3;3;3.4;4;4.917;-999;5.6;12.9;967.27;14.0;81.71;19.3;9.9;8.7;eor
3379;20170516;10;6.0;1.8;3;0.0;0;12.300;-999;1.3;11.6;967.25;15.6;68.83;22.4;7.9;6.7;eor
3379;20170517;10;11.7;3.4;3;0.0;0;14.567;-999;0.1;12.1;960.31;18.4;60.29;25.5;9.7;8.0;eor
3379;20170518;10;8.8;2.2;3;0.0;0;11.617;-999;1.7;13.8;952.34;20.1;61.46;27.1;11.1;9.5;eor
3379;20170519;10;18.1;3.9;3;12.5;4;7.850;-999;4.0;13.6;950.80;15.7;76.21;24.1;7.5;5.7;eor
3379;20170520;10;9.7;2.6;3;0.0;0;10.900;-999;4.2;8.4;960.74;12.5;60.17;17.9;6.3;4.6;eor
3379;20170521;10;10.1;2.8;3;0.0;0;8.500;-999;3.5;10.0;963.25;14.1;63.46;19.9;8.5;6.6;eor
3379;20170522;10;6.5;2.1;3;0.0;0;12.600;-999;1.9;11.5;957.25;16.6;62.67;23.6;9.8;8.3;eor
3379;20170523;10;10.9;2.9;3;0.0;4;8.700;-999;5.0;12.1;957.37;19.0;57.13;25.2;12.6;10.4;eor
3379;20170524;10;11.9;4.2;3;0.6;4;2.567;-999;7.5;11.6;960.58;16.4;62.92;18.9;12.4;11.0;eor
3379;20170525;10;7.2;2.0;3;0.0;0;8.750;-999;3.5;11.3;960.64;15.2;67.38;20.2;11.2;9.3;eor
3379;20170526;10;7.1;2.1;3;0.0;0;14.933;-999;0.0;10.6;959.46;16.7;59.00;23.7;8.8;7.4;eor
3379;20170527;10;9.6;2.7;3;0.0;0;14.983;-999;0.0;12.0;959.50;19.4;56.33;26.3;10.9;9.0;eor
3379;20170528;10;7.1;1.8;3;0.0;0;14.500;-999;0.3;11.6;959.13;20.7;52.25;29.1;11.3;9.6;eor
3379;20170529;10;6.8;1.7;3;0.0;0;14.483;-999;2.2;12.7;955.11;23.2;48.08;31.2;13.5;11.8;eor
3379;20170530;10;15.2;2.9;3;2.2;4;10.850;-999;3.3;14.9;955.09;23.1;54.88;29.4;17.4;15.9;eor
3379;20170531;10;7.0;2.7;3;0.0;0;6.817;-999;5.2;16.5;959.00;21.4;66.71;26.4;17.2;16.1;eor
3379;20170601;10;6.2;1.8;3;0.0;0;4.783;-999;5.2;13.8;959.35;20.8;57.42;25.7;14.8;13.2;eor
3379;20170602;10;9.2;2.1;3;0.0;4;8.067;-999;3.2;15.3;956.94;20.8;63.04;25.3;16.4;14.6;eor
3379;20170603;10;15.4;2.4;3;10.4;4;12.550;-999;2.3;14.7;953.17;22.6;56.96;29.1;16.0;14.2;eor
3379;20170604;10;13.1;3.5;3;0.1;4;2.233;-999;6.8;15.3;953.84;16.9;79.50;19.7;14.5;13.3;eor
3379;20170605;10;9.5;2.4;3;15.7;4;1.517;-999;7.0;14.9;952.70;16.2;81.83;21.6;13.2;12.2;eor
3379;20170606;10;14.7;2.9;3;11.1;4;0.033;-999;6.7;13.8;948.50;14.0;85.46;17.6;10.0;8.2;eor
3379;20170607;10;18.3;4.5;3;1.3;4;8.417;-999;4.3;9.5;957.36;12.3;67.08;17.2;8.3;6.4;eor
3379;20170608;10;5.6;1.9;3;0.0;0;15.033;-999;1.8;8.9;959.07;15.6;53.38;22.4;7.2;5.4;eor
3379;20170609;10;11.9;3.3;3;3.0;4;8.600;-999;4.0;12.7;954.93;18.8;61.13;26.6;10.2;8.2;eor
3379;20170610;10;7.4;2.3;3;0.0;0;11.867;-999;3.2;12.8;960.28;17.5;66.63;22.8;13.6;11.5;eor
3379;20170611;10;7.7;2.5;3;0.0;0;14.900;-999;1.5;12.0;958.35;21.1;51.75;28.6;11.6;9.8;eor
3379;20170612;10;14.8;3.5;3;4.0;4;4.850;-999;6.4;16.2;955.61;22.5;58.54;27.6;17.7;15.6;eor
3379;20170613;10;8.7;2.7;3;0.0;0;10.417;-999;3.9;11.8;957.26;20.1;50.63;26.1;14.8;13.2;eor
3379;20170614;10;6.5;2.1;3;0.0;0;13.000;-999;1.9;12.6;956.99;19.3;57.42;25.4;13.3;11.8;eor
3379;20170615;10;10.6;2.0;3;0.0;4;12.183;-999;2.6;15.1;955.89;22.7;57.38;29.3;13.1;11.5;eor
3379;20170616;10;14.1;5.0;3;0.0;0;6.950;-999;5.8;12.9;958.41;20.9;52.88;25.8;16.2;15.2;eor
3379;20170617;10;12.0;4.3;3;0.0;0;10.083;-999;5.1;10.6;963.20;17.3;54.71;21.7;14.2;12.5;eor
3379;20170618;10;10.5;2.9;3;0.0;0;13.850;-999;2.0;11.4;963.27;18.7;54.83;24.5;12.7;11.0;eor
3379;20170619;10;7.3;2.6;3;0.0;0;15.250;-999;0.4;12.4;959.91;21.7;49.38;29.8;12.6;10.8;eor
3379;20170620;10;12.3;2.7;3;0.0;4;9.350;-999;2.4;17.3;956.50;25.4;55.08;32.4;17.7;15.7;eor
3379;20170621;10;10.1;2.3;3;0.0;4;11.233;-999;2.5;16.9;955.68;25.6;53.67;32.3;19.9;17.8;eor
3379;20170622;10;10.1;2.8;3;0.0;0;11.600;-999;1.7;15.4;955.08;26.8;46.54;33.5;18.4;16.6;eor
3379;20170623;10;14.8;4.8;3;0.0;0;7.683;-999;3.2;16.7;955.17;26.9;47.63;32.0;20.3;17.8;eor
3379;20170624;10;10.2;3.2;3;0.0;4;4.750;-999;5.2;16.2;956.72;23.1;57.21;28.3;19.2;17.0;eor
3379;20170625;10;10.3;2.7;3;12.8;4;1.483;-999;6.0;17.1;954.95;19.7;74.71;23.3;15.8;15.6;eor
3379;20170626;10;8.3;2.5;3;5.8;4;14.467;-999;3.0;14.8;952.75;23.8;52.75;30.1;17.0;15.0;eor
3379;20170627;10;11.7;2.6;3;0.0;4;6.150;-999;5.7;17.6;948.81;21.4;70.88;27.9;16.9;16.3;eor
3379;20170628;10;12.3;3.2;3;8.5;4;4.717;-999;6.3;16.5;940.68;21.2;66.46;26.7;16.7;16.6;eor
3379;20170629;10;14.0;5.2;3;4.1;4;4.317;-999;6.8;13.9;941.04;17.2;73.08;23.8;14.0;13.0;eor
3379;20170630;10;10.3;3.6;3;0.0;4;7.067;-999;6.3;11.0;947.80;18.3;53.63;24.1;14.3;13.2;eor
3379;20170701;10;14.3;5.2;3;1.0;4;7.167;-999;7.0;11.3;952.36;17.9;56.58;23.0;14.1;13.0;eor
3379;20170702;10;12.9;3.9;3;9.3;4;0.367;-999;7.7;14.9;958.42;15.3;86.21;19.0;13.1;12.7;eor
3379;20170703;10;8.7;2.7;3;0.0;0;5.617;-999;6.1;13.5;961.57;17.9;68.67;23.7;13.4;13.1;eor
3379;20170704;10;7.4;2.3;3;0.0;0;8.050;-999;3.7;13.4;960.19;20.2;58.33;26.3;15.2;13.2;eor
3379;20170705;10;10.8;2.5;3;0.0;0;14.233;-999;0.4;14.1;957.70;23.0;54.38;30.6;14.1;12.7;eor
3379;20170706;10;8.0;2.2;3;0.0;4;12.367;-999;1.1;14.8;957.95;24.9;49.96;32.1;17.4;15.3;eor
3379;20170707;10;15.9;3.2;3;2.7;4;5.783;-999;5.5;16.1;957.24;24.3;54.79;31.9;18.5;16.9;eor
3379;20170708;10;10.4;3.0;3;1.2;4;7.617;-999;4.7;18.3;956.86;23.8;64.25;31.8;18.7;17.1;eor
3379;20170709;10;13.5;2.6;3;3.9;4;3.850;-999;6.3;18.5;954.04;22.0;71.46;29.5;18.1;16.8;eor
3379;20170710;10;13.0;3.2;3;1.5;4;3.533;-999;6.9;17.7;951.20;21.6;70.67;27.5;17.5;16.3;eor
3379;20170711;10;12.3;4.2;3;0.2;4;7.617;-999;6.0;14.9;954.41;20.4;63.50;24.8;16.5;14.0;eor
3379;20170712;10;16.7;4.3;3;3.8;4;2.550;-999;7.3;16.5;953.95;20.2;70.71;26.7;15.0;13.8;eor
3379;20170713;10;7.1;2.5;3;0.0;0;12.017;-999;3.1;11.0;959.41;17.6;56.88;23.1;13.5;12.7;eor
3379;20170714;10;11.8;2.7;3;16.6;4;3.050;-999;6.9;12.9;956.29;16.6;69.29;21.9;13.0;12.1;eor
3379;20170715;10;9.8;3.1;3;0.0;4;5.017;-999;6.5;11.3;960.96;15.2;67.13;20.2;12.0;11.5;eor
3379;20170716;10;6.2;1.7;3;0.0;0;12.517;-999;3.5;10.6;963.25;18.1;53.75;24.1;11.4;9.8;eor
3379;20170717;10;6.6;2.1;3;0.0;0;11.267;-999;2.6;13.1;960.64;21.0;53.79;27.5;14.8;12.8;eor
3379;20170718;10;8.3;2.3;3;0.2;4;12.617;-999;3.1;14.5;957.46;23.5;53.71;30.3;14.6;13.0;eor
3379;20170719;10;11.0;2.2;3;0.0;0;10.683;-999;4.7;14.3;953.75;25.9;44.92;33.0;17.6;16.0;eor
3379;20170720;10;12.5;2.9;3;1.9;4;6.150;-999;7.3;15.8;953.70;22.0;61.58;29.1;16.2;14.9;eor
3379;20170721;10;10.6;3.2;3;0.0;4;10.767;-999;4.7;15.9;953.20;22.3;61.75;29.1;15.1;13.8;eor
3379;20170722;10;14.3;2.4;3;8.0;4;7.150;-999;6.5;15.1;954.27;22.9;56.71;29.6;18.0;16.7;eor
3379;20170723;10;18.6;2.9;3;4.1;4;0.983;-999;7.5;16.4;956.40;19.1;75.13;22.6;16.1;15.1;eor
3379;20170724;10;13.2;3.2;3;8.9;4;0.350;-999;7.6;15.7;950.22;15.9;86.29;18.2;12.1;10.9;eor
3379;20170725;10;14.7;4.5;3;25.0;4;1.267;-999;7.6;13.1;948.73;13.5;85.17;17.5;11.9;11.0;eor
3379;20170726;10;17.1;5.4;3;29.3;4;0.000;-999;7.8;14.1;948.54;13.1;93.21;14.1;12.1;11.4;eor
3379;20170727;10;11.1;3.2;3;11.9;4;2.283;-999;7.1;15.1;951.66;16.4;80.75;19.5;12.7;10.7;eor
3379;20170728;10;10.2;3.0;3;0.0;4;4.183;-999;6.5;14.9;954.82;17.4;76.04;21.1;14.6;13.2;eor
3379;20170729;10;7.4;2.1;3;0.0;0;12.383;-999;4.8;15.6;956.37;21.3;63.96;28.3;14.0;11.9;eor
3379;20170730;10;16.2;2.4;3;8.4;4;7.767;-999;7.2;16.7;953.96;23.3;62.58;32.1;17.3;15.7;eor
3379;20170731;10;8.2;2.7;3;0.0;0;8.933;-999;6.0;17.1;956.28;24.2;59.25;31.4;17.1;15.5;eor
3379;20170801;10;14.2;2.7;3;16.7;4;12.400;-999;2.0;18.6;955.44;26.1;59.79;35.8;17.7;16.1;eor
3379;20170802;10;10.4;2.4;3;0.1;4;9.350;-999;6.0;21.0;959.16;24.3;71.17;30.7;18.3;17.3;eor
3379;20170803;10;11.5;2.2;3;0.0;4;6.083;-999;5.7;20.1;955.57;25.9;61.75;31.6;20.0;18.0;eor
3379;20170804;10;8.9;2.6;3;0.0;0;2.383;-999;8.0;20.0;955.33;24.2;66.50;28.0;20.6;20.2;eor
3379;20170805;10;11.4;2.8;3;4.2;4;9.083;-999;5.9;17.5;956.05;23.8;60.54;29.3;18.3;17.1;eor
3379;20170806;10;6.0;2.0;3;1.0;4;0.300;-999;7.0;15.0;961.13;17.1;76.67;19.4;13.8;12.4;eor
3379;20170807;10;10.6;3.3;3;0.0;0;12.350;-999;1.9;14.2;958.06;18.3;69.08;24.2;11.9;10.2;eor
3379;20170808;10;10.9;2.7;3;16.1;8;8.467;-999;5.8;16.2;952.63;19.9;72.29;29.0;13.5;12.0;eor
3379;20170809;10;9.2;2.4;3;0.0;0;2.750;-999;7.8;17.0;955.56;19.3;77.25;23.4;15.7;15.3;eor
3379;20170810;10;12.3;3.2;3;19.2;6;0.067;-999;7.5;15.1;956.69;15.1;87.75;17.8;11.4;11.0;eor
3379;20170811;10;9.2;3.0;3;1.7;6;0.033;-999;7.8;13.2;955.70;12.8;89.29;14.6;11.0;10.7;eor
3379;20170812;10;10.3;3.3;3;0.3;6;0.133;-999;7.1;13.5;958.87;14.8;80.79;17.6;12.1;11.6;eor
3379;20170813;10;6.1;1.9;3;0.0;0;7.867;-999;4.3;14.4;960.19;18.3;69.71;24.3;13.5;11.9;eor
3379;20170814;10;9.4;3.0;3;0.0;0;13.550;-999;5.4;15.0;959.28;20.3;65.75;27.1;13.3;11.8;eor
3379;20170815;10;10.4;2.0;3;18.5;6;12.017;-999;2.8;15.1;958.42;23.0;58.08;31.3;14.4;12.8;eor
3379;20170816;10;7.2;2.2;3;0.0;0;6.433;-999;7.1;17.9;960.95;20.6;75.17;26.0;16.6;15.9;eor
3379;20170817;10;5.3;1.7;3;0.0;0;8.650;-999;5.9;17.6;958.60;22.3;67.50;28.6;15.7;14.2;eor
3379;20170818;10;22.2;2.4;3;34.5;8;11.183;-999;5.8;18.4;955.60;23.5;66.96;31.4;15.0;14.5;eor
3379;20170819;10;8.1;1.9;3;1.6;6;1.750;-999;7.6;15.5;959.02;16.8;81.46;19.8;14.5;13.2;eor
3379;20170820;10;8.0;2.5;3;0.2;6;9.650;-999;4.6;12.1;962.23;16.1;67.83;20.6;12.1;10.5;eor
3379;20170821;10;6.4;1.7;3;0.0;0;6.200;-999;5.7;10.9;962.53;15.5;64.04;20.5;10.9;9.1;eor
3379;20170822;10;6.1;1.7;3;0.0;0;11.017;-999;3.0;11.1;959.88;15.9;64.83;22.6;9.2;7.8;eor
3379;20170823;10;5.4;1.9;3;0.0;0;10.533;-999;3.8;13.2;957.24;18.8;62.63;25.3;11.3;9.9;eor
3379;20170824;10;13.0;3.0;3;0.3;6;11.017;-999;5.2;16.8;957.26;21.9;65.71;29.2;14.9;13.5;eor
3379;20170825;10;6.3;1.8;3;0.0;6;11.517;-999;3.1;16.8;958.05;22.4;64.83;29.6;15.0;13.5;eor
3379;20170826;10;7.7;2.3;3;0.0;0;10.183;-999;4.0;17.1;956.70;24.5;58.46;31.5;17.3;15.4;eor
3379;20170827;10;9.9;2.3;3;1.1;6;4.100;-999;4.9;17.4;957.15;21.4;69.21;26.9;17.1;15.7;eor
3379;20170828;10;6.3;1.6;3;0.7;6;7.233;-999;3.5;18.6;957.94;20.0;81.00;26.4;16.1;14.6;eor
3379;20170829;10;7.7;2.4;3;0.0;0;12.533;-999;0.7;16.0;956.22;20.8;68.21;27.9;14.2;12.6;eor
3379;20170830;10;6.6;1.9;3;0.0;0;9.950;-999;3.6;17.1;952.68;23.1;64.08;32.1;14.3;12.7;eor
3379;20170831;10;13.2;2.8;3;23.1;6;2.667;-999;7.0;18.2;955.71;19.0;83.25;25.4;13.6;13.3;eor
3379;20170901;10;5.2;1.9;3;13.0;6;0.000;-999;7.9;14.3;957.31;13.3;93.25;14.3;12.0;11.6;eor
3379;20170902;10;6.6;2.4;3;5.7;6;0.000;-999;7.8;12.1;956.00;11.7;88.00;13.7;10.4;10.1;eor
3379;20170903;10;8.1;2.4;3;1.7;6;2.667;-999;7.0;11.3;955.86;11.9;81.50;16.9;9.6;7.8;eor
3379;20170904;10;5.7;1.7;3;0.0;0;11.750;-999;2.0;10.0;956.83;13.6;67.08;20.4;6.9;5.4;eor
3379;20170905;10;6.4;2.0;3;0.6;6;2.250;-999;7.8;14.6;959.55;17.2;74.67;22.3;13.6;12.4;eor
3379;20170906;10;11.1;3.5;3;1.8;6;1.850;-999;7.3;15.2;956.88;17.9;73.63;21.7;13.9;13.0;eor
3379;20170907;10;9.2;2.6;3;0.3;6;3.967;-999;7.5;11.3;956.90;14.4;69.54;18.2;12.1;10.5;eor
3379;20170908;10;8.3;2.1;3;0.0;0;8.733;-999;4.3;11.8;951.16;15.0;70.75;20.5;10.4;8.4;eor
3379;20170909;10;10.8;2.5;3;6.4;6;0.950;-999;7.9;12.6;943.84;13.7;81.63;19.2;10.4;9.0;eor
3379;20170910;10;4.6;1.9;3;1.3;6;0.267;-999;6.8;11.7;946.96;12.1;83.92;15.3;9.6;8.1;eor
3379;20170911;10;12.2;3.2;3;0.0;6;3.317;-999;5.2;11.1;945.25;13.9;71.54;19.4;8.9;7.3;eor
3379;20170912;10;16.2;3.4;3;5.0;6;1.600;-999;7.7;10.7;950.80;12.3;74.83;14.4;9.9;9.2;eor
3379;20170913;10;20.0;4.9;3;0.6;6;0.467;-999;6.2;11.7;951.44;15.1;67.75;19.5;9.6;7.5;eor
3379;20170914;10;13.9;5.0;3;3.8;6;2.600;-999;4.2;10.9;950.15;13.0;72.83;20.1;9.1;7.6;eor
3379;20170915;10;8.8;2.2;3;0.9;6;6.383;-999;4.5;9.1;953.46;12.0;65.96;16.4;7.9;5.2;eor
3379;20170916;10;6.4;1.6;3;3.4;6;0.250;-999;7.9;10.7;951.63;10.3;85.75;12.7;7.0;5.8;eor
3379;20170917;10;8.9;1.8;3;0.1;6;2.950;-999;6.9;9.8;952.68;10.7;77.50;16.2;7.4;6.5;eor
3379;20170918;10;8.6;2.6;3;0.3;6;4.683;-999;7.5;9.5;955.49;10.6;74.92;14.9;7.5;6.2;eor
3379;20170919;10;6.9;2.3;3;0.9;6;0.000;-999;8.0;10.0;956.32;10.2;80.75;12.8;8.9;8.1;eor
3379;20170920;10;6.7;2.3;3;5.8;6;0.733;-999;7.8;10.5;959.82;10.1;85.58;14.5;8.5;7.8;eor
3379;20170921;10;4.8;1.7;3;0.0;0;10.183;-999;2.4;9.8;960.05;11.7;73.96;17.3;6.8;5.1;eor
3379;20170922;10;4.5;1.4;3;0.1;6;5.533;-999;4.5;10.4;959.86;11.2;79.17;18.4;5.4;3.9;eor
3379;20170923;10;5.4;1.6;3;0.0;0;6.067;-999;5.4;11.7;960.37;13.3;78.17;19.8;8.1;6.4;eor
3379;20170924;10;6.2;1.4;3;0.0;0;5.900;-999;6.1;11.5;959.57;13.4;76.63;18.8;8.9;7.4;eor
3379;20170925;10;6.6;1.7;3;0.0;0;8.200;-999;2.4;11.0;958.61;12.4;78.13;19.4;7.1;5.4;eor
3379;20170926;10;5.8;1.7;3;0.0;0;8.617;-999;3.0;11.6;960.00;13.0;79.33;19.8;7.1;5.6;eor
3379;20170927;10;4.6;1.4;3;0.0;6;4.667;-999;6.5;12.6;962.03;14.4;78.75;20.4;9.1;7.6;eor
3379;20170928;10;3.6;1.4;3;0.0;0;2.900;-999;6.2;13.0;963.94;14.5;80.08;21.1;8.4;6.8;eor
3379;20170929;10;5.4;1.4;3;0.0;6;3.650;-999;8.0;14.0;962.05;15.4;80.83;21.2;10.5;8.8;eor
3379;20170930;10;11.9;1.7;3;3.6;6;0.717;-999;8.0;15.0;956.70;16.2;82.13;20.5;12.9;11.7;eor
3379;20171001;10;7.3;2.5;3;1.9;6;0.350;-999;7.7;12.1;960.51;12.2;85.13;14.0;10.7;8.9;eor
3379;20171002;10;11.6;2.6;3;5.6;6;5.650;-999;5.3;12.3;958.51;14.0;78.71;19.9;7.6;5.8;eor
3379;20171003;10;17.5;3.5;3;9.2;6;2.917;-999;6.0;12.4;958.26;12.6;84.08;16.4;8.3;6.2;eor
3379;20171004;10;8.3;2.7;3;0.0;0;5.083;-999;7.7;10.2;962.46;11.7;75.38;16.0;6.8;5.1;eor
3379;20171005;10;23.3;5.5;3;5.4;6;8.267;0;5.3;9.4;954.12;14.8;61.08;22.0;9.1;8.3;eor
3379;20171006;10;17.8;4.3;3;6.5;6;3.417;-999;7.3;9.2;957.51;8.5;82.83;12.6;6.1;5.7;eor
3379;20171007;10;13.4;4.0;3;1.6;6;0.967;0;7.9;8.7;959.94;10.0;72.58;13.3;7.3;6.3;eor
3379;20171008;10;15.5;4.9;3;1.5;6;0.033;0;7.9;9.9;956.38;9.9;80.75;12.1;7.6;6.4;eor
3379;20171009;10;7.2;2.8;3;4.2;6;0.117;0;7.9;10.7;958.53;10.4;85.17;12.8;9.2;7.9;eor
3379;20171010;10;10.7;3.2;3;0.1;6;0.900;0;7.9;10.3;958.98;11.6;76.04;14.8;8.4;6.8;eor
3379;20171011;10;7.5;2.4;3;0.0;0;9.683;0;5.3;10.4;959.64;13.0;71.33;19.2;9.0;6.9;eor
3379;20171012;10;14.3;3.7;3;0.0;0;4.933;0;5.7;11.2;962.58;14.3;68.63;19.3;9.8;6.8;eor
3379;20171013;10;6.1;1.9;3;0.0;0;9.817;0;6.8;11.3;966.48;13.0;77.38;19.1;8.7;6.4;eor
3379;20171014;10;4.4;1.4;3;0.0;0;10.567;0;1.1;11.3;966.90;13.0;78.13;20.8;6.7;4.9;eor
3379;20171015;10;4.3;1.3;3;0.0;0;10.600;0;0.0;11.8;965.96;13.3;79.67;21.9;6.8;4.8;eor
3379;20171016;10;4.5;1.6;3;0.0;0;10.383;0;0.0;11.3;965.38;15.3;70.21;25.2;8.1;5.9;eor
3379;20171017;10;4.7;1.4;3;0.0;0;9.883;0;3.6;11.1;961.56;13.9;73.71;22.9;7.2;5.0;eor
3379;20171018;10;4.9;1.5;3;0.0;0;9.450;0;4.1;11.0;955.60;13.2;75.54;21.7;7.5;5.3;eor
3379;20171019;10;4.4;1.8;3;0.0;0;10.017;0;3.0;10.5;954.30;13.3;72.42;21.5;7.0;4.7;eor
3379;20171020;10;9.2;2.6;3;1.4;6;9.133;0;5.1;9.8;955.03;15.3;61.08;23.0;7.7;5.6;eor
3379;20171021;10;13.2;2.6;3;7.3;6;3.300;0;7.8;12.5;956.06;15.3;72.88;20.0;9.7;9.0;eor
3379;20171022;10;12.6;3.6;3;3.0;6;0.767;0;7.7;9.1;956.63;9.3;78.33;12.1;6.6;5.4;eor
3379;20171023;10;11.7;4.3;3;0.0;6;0.050;0;8.0;8.4;959.36;7.8;79.42;9.9;6.7;6.0;eor
3379;20171024;10;7.5;2.8;3;0.0;0;3.450;0;7.5;9.4;964.38;10.5;74.50;15.1;7.8;6.5;eor
3379;20171025;10;7.2;2.2;3;0.0;0;6.017;0;7.9;9.7;963.48;13.2;64.50;19.2;9.0;7.3;eor
3379;20171026;10;8.5;2.0;3;0.0;6;8.617;0;7.7;12.1;963.64;13.7;78.25;19.8;10.0;7.9;eor
3379;20171027;10;14.7;4.0;3;3.9;6;1.633;0;7.3;9.9;962.01;10.4;77.83;13.5;7.0;5.8;eor
3379;20171028;10;20.5;5.9;3;5.7;6;0.883;0;7.8;7.5;960.55;8.2;69.92;10.0;5.9;4.2;eor
3379;20171029;10;24.2;8.5;3;2.4;6;0.267;0;5.8;8.0;950.53;7.8;74.54;10.3;4.0;2.1;eor
3379;20171030;10;11.9;3.8;3;0.0;6;1.500;0;6.8;6.5;961.80;5.0;74.67;7.9;2.9;0.6;eor
3379;20171031;10;4.6;1.4;3;0.0;0;8.283;0;4.1;6.3;964.49;4.1;77.75;8.6;0.3;-1.7;eor
3379;20171101;10;5.7;1.8;3;0.0;6;0.000;0;7.0;7.2;961.77;6.5;74.67;10.2;4.0;1.8;eor
3379;20171102;10;16.2;3.6;3;0.0;6;4.250;0;8.0;8.5;955.47;10.2;69.42;14.9;3.8;2.2;eor
3379;20171103;10;4.9;1.7;3;0.0;6;1.517;0;5.2;9.4;955.60;9.4;80.08;13.1;3.8;1.2;eor
3379;20171104;10;8.0;1.7;3;0.0;0;4.600;0;7.3;8.7;951.95;8.9;78.04;17.7;2.0;-0.4;eor
3379;20171105;10;15.2;3.2;3;20.3;6;0.417;0;7.5;8.7;948.49;7.6;83.25;12.2;5.0;2.5;eor
3379;20171106;10;7.1;2.6;3;4.2;6;0.000;0;7.7;7.8;957.22;4.8;90.92;5.6;3.7;3.1;eor
3379;20171107;10;8.8;2.5;3;0.8;6;0.000;0;7.5;8.3;954.79;5.7;91.00;7.0;4.5;4.1;eor
3379;20171108;10;5.9;2.0;3;0.3;6;1.483;0;7.3;7.5;955.02;5.7;81.46;7.2;3.4;1.0;eor
3379;20171109;10;4.0;1.6;3;0.0;0;0.000;0;7.8;7.9;960.37;6.3;82.83;7.5;5.2;4.1;eor
3379;20171110;10;13.7;4.2;3;4.2;6;0.000;0;7.9;7.2;958.20;6.1;76.42;7.3;5.1;4.0;eor
3379;20171111;10;14.9;5.0;3;15.0;6;0.000;0;7.6;8.1;951.63;6.1;86.33;8.4;3.4;2.7;eor
3379;20171112;10;26.4;4.6;3;16.2;8;0.000;0;7.6;8.0;942.55;5.3;89.13;10.3;2.5;1.4;eor
3379;20171113;10;7.8;2.8;3;0.3;8;0.067;0;7.4;6.2;951.68;2.7;83.04;4.4;0.7;-1.9;eor
3379;20171114;10;4.7;1.6;3;0.0;0;4.367;0;6.3;5.9;962.85;0.5;92.88;3.7;-1.6;-3.3;eor
3379;20171115;10;6.6;2.5;3;0.0;0;2.233;0;7.6;5.4;963.97;0.4;86.21;2.7;-0.8;-0.8;eor
3379;20171116;10;8.4;2.2;3;0.0;6;0.000;0;7.8;5.2;961.48;0.1;85.21;0.8;-0.8;-0.8;eor
3379;20171117;10;5.5;1.7;3;0.0;6;0.000;0;7.9;5.7;962.89;1.9;82.04;3.7;0.1;-0.1;eor
3379;20171118;10;11.5;3.3;3;1.9;8;0.000;0;7.8;6.4;959.26;3.4;82.79;4.9;2.0;1.6;eor
3379;20171119;10;13.4;5.8;3;1.8;8;1.433;0;7.4;6.0;955.65;2.9;79.67;3.9;1.3;0.4;eor
3379;20171120;10;15.5;4.8;3;1.6;8;0.033;0;7.8;5.6;958.65;3.5;71.04;5.7;1.9;0.2;eor
3379;20171121;10;15.5;5.7;3;0.2;6;0.000;0;7.4;7.5;954.85;8.1;69.63;10.9;5.2;4.1;eor
3379;20171122;10;9.1;2.9;3;0.0;0;8.400;0;4.9;6.8;952.64;9.8;57.83;16.5;4.0;-0.3;eor
3379;20171123;10;6.7;2.5;3;0.0;0;6.333;0;7.5;5.9;952.45;9.2;53.63;16.6;0.7;-2.2;eor
3379;20171124;10;6.1;2.5;3;0.0;0;6.717;0;7.1;6.8;953.88;11.4;50.63;17.1;7.8;4.5;eor
3379;20171125;10;11.7;3.5;3;6.0;8;0.333;0;8.0;7.5;950.45;6.3;78.92;10.6;3.0;2.0;eor
3379;20171126;10;11.0;4.0;3;1.5;8;0.817;0;7.5;5.4;961.22;1.5;78.71;3.5;0.5;-1.0;eor
3379;20171127;10;12.0;4.4;3;0.1;6;3.217;0;7.6;4.9;960.98;2.8;66.33;5.1;0.1;-0.6;eor
3379;20171128;10;13.0;3.5;3;0.0;6;0.517;0;7.8;5.9;948.62;4.9;68.17;6.5;3.5;2.1;eor
3379;20171129;10;7.4;2.1;3;1.0;8;0.000;0;7.7;6.4;944.21;3.4;81.75;4.6;1.2;0.8;eor
3379;20171130;10;11.4;3.7;3;0.8;8;0.000;0;6.9;5.4;944.08;0.4;85.88;1.8;-0.8;-3.9;eor
3379;20171201;10;5.1;1.7;3;0.0;8;0.650;0;7.3;5.0;950.37;-0.2;83.79;1.2;-2.3;-5.5;eor
3379;20171202;10;7.7;2.9;3;0.0;8;1.350;0;7.3;4.4;959.62;-0.9;77.38;0.1;-2.1;-4.0;eor
3379;20171203;10;8.7;2.6;3;3.3;8;0.000;0;7.8;3.9;962.19;-1.4;71.25;-0.6;-2.3;-2.7;eor
3379;20171204;10;11.9;5.5;3;2.1;8;0.000;2;7.7;5.6;965.98;0.7;86.21;2.3;-1.6;-2.1;eor
3379;20171205;10;10.1;4.1;3;0.0;0;0.000;0;7.9;5.8;972.14;3.0;77.00;4.9;1.6;0.6;eor
3379;20171206;10;7.9;3.1;3;0.0;0;0.000;0;8.0;5.3;970.50;1.2;79.42;2.1;-0.4;-0.6;eor
3379;20171207;10;7.6;2.6;3;1.0;6;8.150;0;2.5;4.8;960.55;3.5;65.04;9.8;-1.8;-3.7;eor
3379;20171208;10;16.6;4.4;3;3.6;8;0.000;0;7.0;5.9;950.26;3.0;77.75;8.0;-0.7;-2.6;eor
3379;20171209;10;12.9;5.1;3;0.0;8;0.517;0;6.6;3.8;952.74;-1.4;68.88;-0.2;-2.6;-4.6;eor
3379;20171210;10;18.5;3.9;3;4.6;8;1.750;0;7.5;4.3;937.73;-0.2;68.04;6.5;-4.5;-6.9;eor
3379;20171211;10;11.0;2.5;3;6.5;6;0.000;0;7.9;6.3;927.12;5.0;72.50;10.6;2.0;0.2;eor
3379;20171212;10;15.4;4.3;3;0.2;8;0.000;0;7.8;5.9;946.83;2.9;77.63;5.3;0.5;-2.1;eor
3379;20171213;10;7.8;2.9;3;1.8;8;6.700;0;3.9;4.4;950.85;1.9;64.29;5.2;-0.8;-3.2;eor
3379;20171214;10;24.4;5.7;3;6.3;8;2.467;0;7.4;5.9;939.23;4.2;71.29;8.2;1.3;0.0;eor
3379;20171215;10;15.9;4.6;3;0.1;7;5.283;0;5.4;5.6;938.15;3.3;72.83;6.1;1.6;-1.4;eor
3379;20171216;10;10.2;3.3;3;2.6;8;0.300;0;7.6;5.6;947.37;1.5;82.88;3.2;0.1;-1.6;eor
3379;20171217;10;10.6;3.8;3;0.5;8;0.000;3;7.8;5.2;959.55;0.3;83.00;1.2;-0.5;-2.0;eor
3379;20171218;10;7.1;1.9;3;0.0;7;0.017;0;8.0;4.5;961.72;0.3;72.92;1.6;-0.5;-3.0;eor
3379;20171219;10;6.2;2.2;3;0.9;8;0.100;0;7.9;5.3;968.78;0.7;82.83;2.3;-0.3;-1.0;eor
3379;20171220;10;6.5;2.1;3;0.1;8;0.000;0;7.8;5.9;970.78;1.5;86.58;2.8;-0.1;-0.5;eor
3379;20171221;10;9.5;3.6;3;9.3;8;0.000;0;7.7;6.3;971.85;2.9;84.04;5.3;0.8;0.2;eor
3379;20171222;10;6.7;2.9;3;2.2;6;0.000;0;7.8;8.3;971.07;5.1;94.17;6.0;4.0;3.4;eor
3379;20171223;10;10.7;4.0;3;0.0;0;1.483;0;6.8;8.1;971.22;5.8;87.63;7.4;4.5;3.0;eor
3379;20171224;10;10.6;3.6;3;0.0;0;5.217;0;5.5;6.6;966.77;3.5;84.92;6.5;0.3;-0.8;eor
3379;20171225;10;4.1;1.3;3;0.0;0;5.933;0;3.7;5.4;958.90;0.1;88.21;6.0;-2.5;-4.7;eor
3379;20171226;10;14.9;2.3;3;0.0;0;6.817;0;5.5;5.3;947.84;2.4;74.71;9.6;-3.0;-5.3;eor
3379;20171227;10;11.5;1.9;3;7.3;8;0.667;0;7.5;5.3;930.38;0.5;83.50;2.6;-1.6;-4.4;eor
3379;20171228;10;12.2;4.9;3;5.5;8;0.000;0;7.7;5.7;937.16;0.5;90.29;1.5;-1.0;-2.4;eor
3379;20171229;10;14.1;3.5;3;1.8;8;6.517;5;5.8;4.2;948.32;-0.4;71.67;2.2;-2.0;-6.1;eor
3379;20171230;10;18.8;5.2;3;4.4;8;0.033;3;7.8;7.5;947.39;5.3;81.58;10.5;2.0;-1.4;eor
3379;20171231;10;21.0;6.2;3;0.7;6;6.600;0;5.8;7.9;950.52;10.1;64.71;13.5;3.5;0.3;eor
3379;20180101;3;18.8;5.0;3;0.1;6;2.067;0;6.0;6.1;947.28;6.2;64.67;8.4;3.5;-0.9;eor
3379;20180102;3;19.3;6.1;3;3.2;8;0.517;0;7.4;6.0;951.52;4.4;72.04;7.2;3.0;0.7;eor
3379;20180103;3;26.6;6.4;3;16.8;6;0.200;0;7.6;6.7;942.60;5.4;75.17;14.5;2.9;1.6;eor
3379;20180104;3;21.6;5.6;3;23.4;6;0.000;0;7.7;8.3;941.60;6.8;82.58;11.8;4.1;3.2;eor
3379;20180105;3;14.5;3.9;3;2.5;6;3.433;0;7.6;9.1;942.76;9.7;76.33;12.9;6.9;3.8;eor
3379;20180106;3;6.9;1.7;3;0.0;0;6.167;0;7.2;8.7;946.65;7.0;87.46;11.4;2.9;0.6;eor
3379;20180107;3;8.2;2.6;3;0.0;0;0.000;0;7.8;7.2;955.28;3.1;93.50;6.0;0.5;-0.8;eor
3379;20180108;3;9.9;4.0;3;0.0;0;0.017;0;7.9;7.6;958.38;5.1;86.25;6.5;3.4;3.1;eor
3379;20180109;3;11.1;3.1;3;0.0;0;3.100;0;7.0;6.8;951.82;6.9;70.63;15.2;2.5;0.4;eor
3379;20180110;3;4.0;1.5;3;0.0;0;6.600;0;7.0;6.7;951.20;3.9;84.04;8.9;0.9;-1.8;eor
3379;20180111;3;4.2;1.3;3;0.0;6;0.000;0;8.0;6.5;953.67;2.1;91.33;3.7;0.0;-1.1;eor
3379;20180112;3;5.9;2.3;3;0.0;6;2.033;0;7.4;6.2;961.37;2.8;83.29;4.6;1.5;1.3;eor
3379;20180113;3;8.4;3.2;3;0.0;8;0.000;0;7.9;5.9;960.88;2.1;83.42;3.1;0.2;-0.1;eor
3379;20180114;3;6.9;2.2;3;0.4;8;0.000;0;7.9;5.3;958.69;0.2;85.96;0.9;-1.0;-3.1;eor
3379;20180115;3;7.8;2.0;3;0.5;6;4.100;0;6.5;5.2;954.19;1.9;75.04;7.1;-2.5;-4.0;eor
3379;20180116;3;23.2;5.7;3;9.2;8;0.633;0;7.3;6.7;939.53;5.3;75.96;8.5;1.1;0.2;eor
3379;20180117;3;19.9;6.4;3;5.3;8;1.750;0;7.3;5.5;942.80;1.4;81.63;4.0;-1.2;-2.5;eor
3379;20180118;3;25.6;8.3;3;10.5;8;3.367;2;7.3;6.4;945.03;4.8;75.08;9.0;0.4;-0.7;eor
3379;20180119;3;16.3;4.5;3;2.5;8;4.200;0;7.0;5.9;948.23;3.3;76.63;5.4;0.7;-0.7;eor
3379;20180120;3;12.5;3.8;3;11.9;8;1.167;0;7.7;5.7;945.83;1.7;83.38;4.1;0.3;-0.8;eor
3379;20180121;3;14.4;4.0;3;5.7;8;1.217;0;7.4;5.5;949.91;0.5;85.71;1.8;-1.9;-4.8;eor
3379;20180122;3;11.3;3.0;3;12.7;8;0.000;5;7.8;6.9;950.28;2.5;92.21;6.7;-1.1;-1.7;eor
3379;20180123;3;8.3;3.0;3;0.2;6;0.000;0;7.6;6.9;962.85;4.5;82.38;6.3;2.6;-0.3;eor
3379;20180124;3;6.1;2.1;3;0.0;6;6.700;0;6.8;6.6;961.88;7.0;67.50;14.3;2.5;-0.4;eor
3379;20180125;3;5.0;1.8;3;0.0;0;5.433;0;7.8;6.3;956.05;7.7;61.83;14.4;2.7;-0.7;eor
3379;20180126;3;4.4;1.7;3;0.0;0;4.600;0;8.0;6.5;955.50;4.9;75.63;8.4;1.5;-1.6;eor
3379;20180127;3;4.7;1.4;3;0.0;0;0.000;0;7.9;7.7;967.32;5.2;86.63;6.4;4.1;3.5;eor
3379;20180128;3;11.5;4.1;3;0.0;6;0.033;0;7.0;6.9;971.69;7.7;65.83;10.5;5.6;3.1;eor
3379;20180129;3;14.5;4.1;3;0.0;6;9.083;0;2.9;7.8;967.91;8.1;73.13;13.0;4.6;1.1;eor
3379;20180130;3;12.7;3.2;3;0.0;6;1.717;0;7.1;7.8;966.05;6.7;78.83;8.4;4.9;2.9;eor
3379;20180131;3;12.2;2.9;3;0.1;6;5.150;0;7.0;6.6;953.23;8.4;60.75;11.6;5.6;3.7;eor
3379;20180201;3;14.0;3.4;3;9.2;8;0.000;0;7.6;6.4;943.13;3.6;81.88;7.9;0.6;-0.2;eor
3379;20180202;3;9.8;3.2;3;0.0;0;3.800;0;7.8;4.7;945.75;2.3;65.63;4.9;0.8;-0.6;eor
3379;20180203;3;11.9;2.6;3;0.7;8;0.167;0;8.0;5.1;944.95;1.2;76.38;3.0;-0.6;-0.9;eor
3379;20180204;3;4.5;1.8;3;0.5;8;0.717;0;6.4;5.3;952.26;0.0;86.25;2.5;-2.0;-4.7;eor
3379;20180205;3;10.2;3.6;3;0.0;0;1.633;0;6.6;4.5;957.76;-1.2;81.50;0.6;-2.8;-4.0;eor
3379;20180206;3;7.4;3.0;3;0.0;0;5.350;0;7.4;4.5;950.35;-0.8;77.83;2.3;-2.5;-4.6;eor
3379;20180207;3;5.7;1.9;3;2.9;7;0.000;0;7.7;4.6;948.83;-2.3;90.17;-1.8;-3.3;-5.2;eor
3379;20180208;3;4.0;1.6;3;0.3;7;0.000;5;7.7;4.8;954.95;-1.1;85.96;0.4;-2.3;-2.2;eor
3379;20180209;3;4.9;1.5;3;0.0;0;0.000;3;8.0;4.9;953.61;-0.3;82.33;0.8;-0.9;-1.6;eor
3379;20180210;3;5.6;2.0;3;0.0;7;0.000;1;7.8;4.8;954.04;0.8;74.88;2.4;-0.5;-3.0;eor
3379;20180211;3;8.9;2.9;3;5.6;8;2.000;0;7.0;5.5;947.69;1.5;79.71;4.1;-0.5;-3.5;eor
3379;20180212;3;11.5;3.4;3;0.4;7;4.133;0;7.8;5.0;951.68;1.0;77.13;3.3;-1.4;-2.7;eor
3379;20180213;3;8.2;2.5;3;0.0;0;5.417;0;3.3;4.0;953.01;-1.3;73.13;2.3;-3.7;-6.3;eor
3379;20180214;3;6.3;1.9;3;0.0;0;7.850;0;0.3;3.7;954.45;-2.4;73.54;2.3;-6.4;-9.0;eor
3379;20180215;3;8.1;2.4;3;12.9;8;0.083;0;6.8;4.4;956.45;-1.1;74.96;2.6;-5.5;-7.0;eor
3379;20180216;3;5.9;1.8;3;4.1;6;0.000;0;7.9;7.4;961.91;3.3;94.88;4.5;1.6;-0.3;eor
3379;20180217;3;7.3;2.5;3;15.4;8;0.000;0;7.6;5.9;957.39;0.1;95.67;1.6;-0.8;-0.5;eor
3379;20180218;3;5.6;1.9;3;0.0;8;0.000;9;6.7;5.2;961.95;-0.7;90.04;1.3;-3.8;-3.3;eor
3379;20180219;3;5.4;1.6;3;0.0;8;0.000;6;7.7;4.4;956.13;-2.6;87.17;-1.4;-4.0;-3.5;eor
3379;20180220;3;3.0;1.3;3;0.3;8;0.000;5;7.6;4.4;952.61;-2.3;86.42;-1.1;-3.1;-1.2;eor
3379;20180221;3;5.8;1.9;3;0.0;8;1.850;7;7.7;4.5;954.90;-1.7;83.33;0.8;-3.4;-4.4;eor
3379;20180222;3;13.4;4.7;3;0.3;8;0.000;4;7.4;3.9;952.80;-2.9;79.42;-1.9;-4.1;-4.6;eor
3379;20180223;3;11.5;4.7;3;0.0;8;0.000;4;7.8;3.8;952.63;-2.8;76.92;-1.4;-4.0;-3.7;eor
3379;20180224;3;13.8;5.6;3;0.0;8;7.950;4;4.4;3.1;955.62;-2.8;62.38;0.5;-7.1;-8.6;eor
3379;20180225;3;12.6;4.9;3;0.0;0;10.000;4;0.9;2.0;958.52;-7.6;59.00;-4.4;-10.0;-12.7;eor
3379;20180226;3;10.3;3.5;3;0.0;7;3.867;4;4.8;1.8;956.52;-10.4;66.63;-8.1;-12.7;-14.8;eor
3379;20180227;3;6.7;2.7;3;0.0;7;4.733;4;6.3;1.8;952.13;-9.9;64.33;-7.6;-11.6;-14.0;eor
3379;20180228;3;12.1;4.2;3;0.0;0;9.500;4;3.8;1.9;952.69;-10.0;65.29;-5.9;-13.4;-15.3;eor
3379;20180301;3;11.6;4.5;3;0.0;7;1.817;4;7.2;2.2;943.51;-7.9;64.58;-3.9;-11.3;-12.4;eor
3379;20180302;3;7.9;3.1;3;0.2;8;3.283;4;7.1;3.1;935.53;-5.6;75.42;-2.0;-9.3;-10.4;eor
3379;20180303;3;6.4;2.2;3;0.3;8;3.467;4;7.2;4.9;936.63;-0.3;82.75;3.3;-5.1;-9.3;eor
3379;20180304;3;7.8;2.5;3;0.1;6;10.317;2;4.1;6.2;938.85;4.0;77.04;9.6;-1.0;-3.7;eor
3379;20180305;3;8.8;2.8;3;0.0;6;6.017;0;8.0;6.3;935.63;4.3;76.46;8.8;0.1;-1.2;eor
3379;20180306;3;6.9;2.0;3;0.1;6;0.000;0;7.7;6.0;930.99;2.2;83.13;5.2;-0.7;-1.2;eor
3379;20180307;3;12.9;4.1;3;0.0;0;3.900;0;7.7;6.4;937.41;5.9;69.83;9.4;3.6;1.7;eor
3379;20180308;3;10.7;3.6;3;0.0;0;6.483;0;6.2;5.1;945.65;6.8;53.71;11.5;3.3;1.5;eor
3379;20180309;3;12.0;2.9;3;0.0;6;0.717;0;7.8;5.7;948.12;9.6;47.92;13.0;3.8;2.2;eor
3379;20180310;3;6.5;2.0;3;1.5;6;0.083;0;7.8;7.7;946.16;10.5;61.42;15.3;6.4;4.0;eor
3379;20180311;3;7.3;2.4;3;7.0;6;2.583;0;7.1;8.1;938.42;10.8;63.58;17.0;6.0;2.2;eor
3379;20180312;3;16.6;4.5;3;1.4;6;4.333;0;7.0;8.7;937.19;9.5;74.21;13.3;7.2;4.3;eor
3379;20180313;3;17.4;6.5;3;2.3;6;5.650;0;7.1;6.7;945.45;8.0;62.75;11.6;5.4;4.3;eor
3379;20180314;3;10.4;2.9;3;1.5;6;4.067;0;5.0;7.2;949.67;5.3;81.79;9.7;2.4;0.3;eor
3379;20180315;3;9.2;3.2;3;2.7;6;4.833;0;6.7;7.0;939.21;6.0;76.08;11.9;0.4;-0.8;eor
3379;20180316;3;12.9;3.3;3;0.2;6;3.500;0;6.8;7.9;940.87;7.8;75.08;12.1;3.8;1.3;eor
3379;20180317;3;13.6;3.5;3;5.2;8;0.500;0;7.9;6.6;936.60;2.3;90.54;4.7;-0.8;-1.4;eor
3379;20180318;3;10.8;4.6;3;0.0;8;0.000;3;8.0;4.0;940.29;-2.4;77.25;-0.7;-3.7;-3.8;eor
3379;20180319;3;8.1;2.8;3;1.4;8;0.000;0;7.5;3.6;945.90;-3.7;77.42;-2.4;-4.8;-5.1;eor
3379;20180320;3;6.8;2.2;3;1.1;8;4.617;2;7.4;3.4;952.39;-2.6;68.63;0.9;-5.8;-8.2;eor
3379;20180321;3;6.6;2.0;3;0.1;8;1.633;1;6.2;4.1;961.70;-0.8;72.88;2.1;-2.5;-5.5;eor
3379;20180322;3;12.6;3.2;3;1.6;8;6.783;0;5.9;3.9;956.20;-0.2;65.96;4.8;-4.7;-6.6;eor
3379;20180323;3;6.7;2.5;3;0.2;8;0.050;0;7.8;6.0;946.67;2.7;80.67;5.6;0.0;-0.5;eor
3379;20180324;3;11.0;3.4;3;0.0;0;11.467;0;5.0;5.5;940.67;4.5;67.38;9.8;-0.1;-2.4;eor
3379;20180325;3;7.8;1.6;3;0.0;0;11.400;0;4.4;5.6;944.50;6.1;62.63;13.2;-1.2;-4.3;eor
3379;20180326;3;6.5;2.1;3;1.1;8;0.183;0;7.8;6.5;950.70;5.7;71.08;8.7;3.6;1.2;eor
3379;20180327;3;8.9;2.5;3;3.0;8;4.633;0;7.1;6.1;952.38;5.7;68.17;10.1;2.2;1.0;eor
3379;20180328;3;15.2;4.4;3;6.8;6;0.983;0;7.8;8.7;945.20;8.3;80.13;11.3;3.7;2.9;eor
3379;20180329;3;15.3;3.4;3;0.0;6;1.200;0;7.3;6.8;946.30;6.7;69.88;10.2;3.0;0.0;eor
3379;20180330;3;12.0;3.3;3;0.2;6;5.700;0;6.2;7.3;941.97;8.4;68.46;14.6;1.7;-1.3;eor
3379;20180331;3;10.2;3.3;3;0.8;6;0.167;0;7.9;7.3;938.48;6.3;76.63;9.2;3.6;3.0;eor
3379;20180401;3;21.5;6.1;3;0.9;6;1.333;0;7.6;6.7;947.19;5.5;74.79;9.0;3.6;2.6;eor
3379;20180402;3;7.0;2.5;3;0.0;6;9.983;0;5.8;5.5;949.89;9.5;50.71;16.5;1.9;-1.6;eor
3379;20180403;3;12.6;2.7;3;0.0;6;8.017;0;8.0;6.6;946.24;15.9;37.83;22.6;10.0;7.9;eor
3379;20180404;3;18.1;3.5;3;0.0;6;9.550;0;6.8;7.1;945.51;15.4;42.96;23.3;8.8;5.7;eor
3379;20180405;3;17.2;5.0;3;2.3;6;6.883;0;5.2;7.4;953.07;10.0;60.83;15.5;6.0;4.3;eor
3379;20180406;3;10.3;3.4;3;0.0;0;12.617;0;3.8;6.4;958.73;8.6;59.08;14.5;2.6;-0.7;eor
3379;20180407;3;8.1;2.4;3;0.0;0;12.817;0;0.0;7.0;952.98;11.8;53.67;20.6;3.4;0.3;eor
3379;20180408;3;7.4;2.1;3;0.0;6;12.050;0;0.6;8.7;948.17;13.3;60.42;22.0;4.6;1.8;eor
3379;20180409;3;7.1;2.0;3;0.0;0;4.917;0;7.3;7.4;944.10;15.7;45.63;24.0;8.5;5.7;eor
3379;20180410;3;9.2;2.5;3;0.3;6;4.600;0;7.3;9.1;942.45;14.1;56.96;19.3;9.7;6.4;eor
3379;20180411;3;10.4;3.3;3;0.0;0;10.817;0;5.8;9.3;944.46;14.3;59.67;19.5;9.0;6.8;eor
3379;20180412;3;9.2;3.7;3;0.0;0;6.917;0;6.9;6.7;939.94;17.4;35.33;24.4;12.2;9.5;eor
3379;20180413;3;19.9;3.5;3;0.0;0;7.800;0;7.4;7.7;947.76;13.3;51.71;19.2;8.2;5.1;eor
3379;20180414;3;12.4;2.4;3;0.0;0;11.517;0;5.3;7.8;957.38;13.6;53.08;20.3;6.6;3.9;eor
3379;20180415;3;6.3;2.0;3;0.9;6;3.367;0;7.8;9.2;951.25;14.0;58.21;19.2;7.7;5.0;eor
3379;20180416;3;6.5;2.5;3;2.5;6;0.217;0;7.7;12.3;954.00;12.7;83.58;14.8;11.5;9.6;eor
3379;20180417;3;7.5;2.0;3;0.0;0;10.300;0;2.5;10.4;963.60;14.8;64.75;20.6;9.3;6.5;eor
3379;20180418;3;11.5;2.8;3;0.0;0;13.100;0;0.9;9.3;968.97;15.5;57.46;22.5;7.1;4.7;eor
3379;20180419;3;9.8;3.3;3;0.0;0;13.133;0;2.7;9.0;966.51;16.8;50.29;24.6;8.3;5.2;eor
3379;20180420;3;6.7;2.2;3;0.0;0;13.267;0;6.0;9.9;962.14;18.1;52.58;27.7;8.7;5.8;eor
3379;20180421;3;7.5;2.3;3;0.0;0;13.050;0;4.8;10.9;958.28;19.5;52.25;27.2;10.5;8.2;eor
3379;20180422;3;7.7;2.1;3;0.0;0;11.967;0;4.0;10.6;955.09;19.6;51.08;27.6;10.9;9.1;eor
3379;20180423;3;14.1;3.8;3;0.2;6;5.317;0;7.7;11.2;955.78;18.4;54.38;25.0;13.3;11.8;eor
3379;20180424;3;11.3;3.4;3;0.0;0;10.150;0;7.3;11.1;956.93;17.0;59.67;22.8;12.5;10.3;eor
3379;20180425;3;19.3;4.6;3;1.0;6;10.700;0;5.4;10.6;952.82;18.0;54.29;24.6;11.9;9.7;eor
3379;20180426;3;10.9;3.3;3;0.1;6;1.017;0;7.6;9.1;956.77;11.2;68.29;13.4;7.4;5.2;eor
3379;20180427;3;10.2;2.7;3;0.0;0;13.083;0;6.0;9.4;951.81;14.5;59.75;22.0;5.3;3.3;eor
3379;20180428;3;9.1;2.7;3;0.0;0;13.250;0;2.1;10.3;950.94;17.2;54.50;24.1;9.5;7.2;eor
3379;20180429;3;12.5;3.3;3;0.0;6;12.183;0;5.5;9.9;945.90;19.2;48.88;27.8;10.6;8.2;eor
3379;20180430;3;16.0;3.1;3;1.5;6;5.367;0;6.9;9.1;945.24;15.0;55.17;19.7;9.3;8.6;eor
3379;20180501;3;7.7;2.5;3;0.0;0;3.467;-999;7.7;8.6;951.25;12.6;59.33;15.9;10.4;8.5;eor
3379;20180502;3;6.5;2.4;3;0.0;6;2.967;-999;7.8;9.4;949.29;13.7;60.08;18.5;9.1;8.0;eor
3379;20180503;3;7.7;2.9;3;0.0;6;3.233;-999;7.8;10.9;951.19;15.1;63.38;20.1;11.6;10.7;eor
3379;20180504;3;8.5;3.2;3;0.0;0;2.517;-999;7.0;12.5;955.33;15.5;71.08;20.3;12.4;11.7;eor
3379;20180505;3;12.0;4.3;3;0.0;0;8.583;-999;5.3;12.7;958.40;16.8;67.13;22.2;12.4;10.9;eor
3379;20180506;3;11.1;3.6;3;0.0;0;13.333;-999;1.0;9.4;959.11;17.0;51.75;23.2;11.7;9.9;eor
3379;20180507;3;12.5;4.0;3;0.0;0;14.250;-999;1.2;8.9;955.58;17.4;46.50;23.7;9.8;7.3;eor
3379;20180508;3;11.9;4.0;3;0.0;0;14.233;-999;2.7;8.8;949.68;17.8;45.13;24.1;11.0;8.2;eor
3379;20180509;3;7.9;2.3;3;1.2;6;11.417;-999;3.4;10.3;946.32;16.1;58.08;22.5;10.1;7.6;eor
3379;20180510;3;12.5;4.3;3;1.0;6;9.933;-999;6.0;10.7;950.62;16.0;61.08;22.6;9.7;9.3;eor
3379;20180511;3;8.6;2.6;3;0.0;0;9.667;-999;-999;11.5;956.81;14.8;69.88;21.4;9.2;8.7;eor
3379;20180512;3;10.0;2.3;3;0.0;0;10.817;-999;5.2;12.0;952.96;19.1;58.13;26.4;11.4;9.8;eor
3379;20180513;3;10.8;2.4;3;10.6;8;10.250;-999;3.8;13.6;947.04;17.7;70.50;26.1;12.0;9.9;eor
3379;20180514;3;14.3;3.0;3;0.0;0;3.300;-999;7.3;13.2;946.34;16.9;70.08;22.1;13.1;11.1;eor
3379;20180515;3;10.6;2.6;3;9.5;8;4.817;-999;6.4;11.3;949.72;12.9;76.42;17.2;10.0;8.6;eor
3379;20180516;3;9.0;3.3;3;22.3;6;0.150;-999;7.8;11.6;952.27;10.7;89.88;13.2;9.5;8.2;eor
3379;20180517;3;11.0;3.2;3;5.8;6;2.633;-999;7.7;12.5;955.36;12.5;86.63;16.9;10.1;9.5;eor
3379;20180518;3;6.4;2.1;3;0.0;0;9.733;-999;5.9;11.7;957.36;15.2;70.00;20.8;10.7;9.4;eor
3379;20180519;3;12.1;2.5;3;20.4;6;7.983;-999;5.9;11.8;957.27;13.8;77.33;21.1;8.8;7.3;eor
3379;20180520;3;11.1;3.2;3;0.4;6;2.933;-999;7.9;12.3;957.02;15.7;71.33;21.4;11.6;11.4;eor
3379;20180521;3;8.2;2.4;3;0.0;6;12.133;-999;2.8;11.5;953.02;16.9;61.63;24.4;10.0;8.8;eor
3379;20180522;3;11.9;2.3;3;0.0;6;10.933;-999;7.2;12.8;951.52;17.7;65.71;25.0;10.7;9.1;eor
3379;20180523;3;12.0;2.2;3;1.6;6;4.750;-999;7.7;14.3;955.40;18.2;70.71;24.3;13.9;12.5;eor
3379;20180524;3;10.2;1.7;3;28.7;8;2.683;-999;7.5;15.6;957.06;16.7;83.08;21.4;13.1;11.7;eor
3379;20180525;3;10.0;2.1;3;0.0;0;12.817;-999;2.2;14.2;957.58;17.9;72.50;25.1;11.1;9.8;eor
3379;20180526;3;6.7;2.1;3;0.0;0;12.400;-999;6.7;14.5;959.17;18.7;70.13;25.7;12.2;10.9;eor
3379;20180527;3;5.9;1.7;3;0.0;0;10.900;-999;7.4;14.9;957.68;20.6;64.54;27.0;13.8;12.2;eor
3379;20180528;3;8.5;2.3;3;0.0;0;12.217;-999;5.6;14.4;955.58;22.3;55.46;29.0;14.3;12.4;eor
3379;20180529;3;7.9;2.2;3;26.3;8;10.200;-999;7.7;16.1;953.19;21.7;64.04;27.0;15.3;13.9;eor
3379;20180530;3;8.7;2.5;3;0.0;6;10.517;-999;5.2;17.0;954.33;21.6;68.54;26.9;16.1;15.3;eor
3379;20180531;3;16.2;2.4;3;13.4;8;10.283;-999;5.1;17.4;953.70;21.0;72.04;28.3;16.4;15.1;eor
3379;20180601;3;8.0;2.7;3;1.3;6;6.250;-999;7.6;15.0;957.52;19.4;67.58;24.2;15.0;14.1;eor
3379;20180602;3;7.3;2.2;3;0.0;0;10.867;-999;4.1;14.8;957.99;19.8;64.79;24.4;15.2;13.3;eor
3379;20180603;3;6.3;2.1;3;0.0;0;13.017;-999;2.0;14.4;955.94;21.0;60.04;27.2;14.2;12.5;eor
3379;20180604;3;8.9;2.9;3;0.0;0;14.950;-999;1.4;14.2;950.13;21.9;56.75;28.1;14.3;12.4;eor
3379;20180605;3;7.5;2.3;3;0.0;0;13.283;-999;1.4;13.8;949.59;22.1;53.92;27.9;15.9;14.2;eor
3379;20180606;3;13.6;2.4;3;3.5;8;9.483;-999;5.6;16.3;951.60;20.1;71.13;28.4;15.6;13.6;eor
3379;20180607;3;10.7;1.8;3;5.7;8;5.083;-999;7.4;17.7;954.15;19.2;81.08;25.3;14.8;13.6;eor
3379;20180608;3;9.0;2.3;3;0.1;6;8.167;-999;6.3;18.0;951.54;20.9;75.17;27.8;16.0;15.1;eor
3379;20180609;3;7.8;2.6;3;8.7;8;10.450;-999;6.1;18.3;951.57;20.8;75.96;27.7;15.8;14.3;eor
3379;20180610;3;7.7;2.2;3;0.1;6;11.217;-999;4.5;18.4;951.85;21.5;72.75;26.5;16.9;15.6;eor
3379;20180611;3;8.9;2.2;3;2.2;8;9.617;-999;4.0;18.4;949.32;22.2;71.25;29.7;17.1;15.4;eor
3379;20180612;3;7.9;2.1;3;61.7;8;2.200;-999;7.6;17.0;948.43;18.1;83.29;24.1;15.3;14.8;eor
3379;20180613;3;9.7;2.9;3;12.6;6;0.000;-999;7.6;14.3;950.76;13.4;92.38;15.5;12.1;11.3;eor
3379;20180614;3;5.3;1.8;3;0.0;0;6.350;-999;5.4;10.8;955.55;14.4;67.25;19.4;10.7;9.1;eor
3379;20180615;3;7.2;2.0;3;0.0;0;11.950;-999;5.2;10.8;956.02;17.0;57.54;22.4;11.1;9.9;eor
3379;20180616;3;8.1;1.9;3;0.0;0;13.983;-999;2.1;11.7;955.08;18.9;57.04;25.1;10.7;9.2;eor
3379;20180617;3;10.0;2.8;3;10.7;6;6.267;-999;7.1;14.9;957.01;18.6;70.58;24.2;14.1;12.5;eor
3379;20180618;3;7.8;2.3;3;0.0;0;6.683;-999;6.3;14.5;961.22;18.4;70.13;23.0;15.2;13.6;eor
3379;20180619;3;6.6;2.1;3;0.0;0;8.633;-999;3.8;14.5;963.18;19.5;65.96;25.3;14.0;12.3;eor
3379;20180620;3;7.8;2.1;3;0.0;0;15.033;-999;0.5;15.5;960.20;21.8;62.08;28.2;14.4;12.9;eor
3379;20180621;3;15.0;3.9;3;0.7;6;9.050;-999;4.5;15.4;955.61;21.7;60.00;29.4;15.3;14.9;eor
3379;20180622;3;13.1;4.5;3;0.0;6;11.333;-999;2.6;7.9;961.70;13.4;51.67;17.2;10.0;7.9;eor
3379;20180623;3;10.3;2.9;3;0.0;6;7.400;-999;6.6;9.2;962.50;14.2;57.58;18.5;8.9;7.0;eor
3379;20180624;3;6.3;2.1;3;2.8;6;4.600;-999;7.9;10.5;959.37;15.8;59.04;19.8;12.6;11.7;eor
3379;20180625;3;6.1;1.8;3;0.0;0;2.583;-999;7.7;11.7;960.37;15.3;68.92;19.5;11.1;10.9;eor
3379;20180626;3;9.9;2.2;3;0.0;0;8.917;-999;4.0;12.3;961.00;17.1;64.67;21.9;11.1;9.2;eor
3379;20180627;3;13.3;2.5;3;1.8;8;7.800;-999;3.9;11.9;959.91;16.5;65.17;22.7;11.7;10.0;eor
3379;20180628;3;8.4;2.3;3;20.7;6;0.000;-999;7.5;14.8;957.28;14.2;91.00;15.7;11.6;10.0;eor
3379;20180629;3;4.4;1.7;3;0.0;6;4.250;-999;6.8;16.9;954.82;18.3;81.33;23.8;14.6;14.3;eor
3379;20180630;3;9.2;2.7;3;0.0;0;12.400;-999;2.3;15.0;953.50;20.7;62.75;26.7;15.0;12.9;eor
3379;20180701;3;8.3;3.5;3;0.0;0;15.583;-999;0.0;9.3;955.23;17.8;47.33;23.5;12.2;10.2;eor
3379;20180702;3;8.4;2.7;3;0.0;0;15.633;-999;0.6;9.6;954.53;18.1;48.00;24.5;11.0;8.6;eor
3379;20180703;3;8.7;2.2;3;0.0;0;12.833;-999;5.7;12.4;955.85;20.2;54.29;26.6;12.0;10.4;eor
3379;20180704;3;10.3;2.5;3;0.2;6;7.683;-999;6.9;15.7;955.74;21.3;63.38;26.9;16.1;13.6;eor
3379;20180705;3;13.7;2.8;3;8.9;6;5.933;-999;6.5;15.7;953.95;19.8;69.71;26.0;13.7;11.9;eor
3379;20180706;3;9.9;3.4;3;13.7;6;0.467;-999;7.8;17.0;957.15;17.1;87.58;20.7;15.4;14.8;eor
3379;20180707;3;9.3;2.9;3;0.0;0;12.300;-999;3.3;13.4;960.75;19.2;63.00;24.8;13.9;12.5;eor
3379;20180708;3;10.2;2.7;3;0.0;0;12.150;-999;5.0;13.4;959.71;20.3;58.38;25.5;15.3;13.4;eor
3379;20180709;3;6.6;1.8;3;0.0;0;12.450;-999;5.8;12.9;958.11;21.1;54.13;26.8;13.3;12.1;eor
3379;20180710;3;18.0;2.4;3;4.3;8;3.383;-999;7.5;14.1;954.72;18.1;69.17;24.4;15.2;14.0;eor
3379;20180711;3;9.3;2.7;3;0.0;6;6.050;-999;6.0;12.3;954.95;16.4;66.46;19.8;12.7;10.7;eor
3379;20180712;3;8.7;2.6;3;0.0;0;12.867;-999;2.0;12.3;956.61;18.2;60.38;23.3;12.1;10.0;eor
3379;20180713;3;7.6;1.8;3;0.0;0;14.283;-999;0.5;12.7;958.37;20.6;56.04;27.3;13.0;11.3;eor
3379;20180714;3;12.2;2.0;3;2.1;6;8.167;-999;5.3;15.5;957.51;20.5;66.96;27.9;14.8;13.3;eor
3379;20180715;3;15.8;2.1;3;5.1;6;9.350;-999;5.8;14.9;955.50;20.1;66.54;27.7;15.1;13.9;eor
3379;20180716;3;9.7;2.0;3;0.1;6;7.583;-999;5.9;14.8;953.45;19.6;66.58;25.4;15.0;13.7;eor
3379;20180717;3;17.1;3.3;3;4.7;6;10.050;-999;4.5;14.6;954.81;19.6;66.58;26.8;15.0;13.2;eor
3379;20180718;3;9.5;3.0;3;0.0;6;13.517;-999;1.5;13.8;956.24;22.0;54.75;28.2;16.0;13.8;eor
3379;20180719;3;7.3;2.0;3;0.0;0;13.500;-999;2.4;12.9;955.97;21.8;53.13;28.2;14.6;13.1;eor
3379;20180720;3;11.7;2.0;3;7.1;6;11.450;-999;4.9;13.9;953.16;23.0;53.54;29.9;14.7;13.1;eor
3379;20180721;3;6.4;2.2;3;26.0;6;0.500;-999;7.8;17.5;952.33;18.0;85.13;20.3;16.3;15.9;eor
3379;20180722;3;7.4;2.6;3;18.1;6;0.000;-999;7.7;18.2;953.80;17.1;93.50;18.5;15.9;15.6;eor
3379;20180723;3;7.0;2.3;3;-999;-999;5.700;-999;6.5;17.7;956.46;20.0;78.43;25.0;16.6;15.3;eor
3379;20180724;3;7.8;2.0;3;0.0;0;14.200;-999;0.3;15.7;955.00;22.1;63.13;28.9;15.1;13.7;eor
3379;20180725;1;11.9;2.3;3;0.7;6;11.633;-999;1.9;16.9;954.61;23.1;63.17;30.7;16.5;14.7;eor
3379;20180726;1;8.1;2.3;1;0.0;0;14.250;-999;0.9;15.9;955.05;23.3;58.58;29.0;16.9;15.6;eor
3379;20180727;1;8.3;2.2;1;0.0;4;13.400;-999;1.2;16.5;952.96;23.7;58.79;29.8;16.8;15.6;eor
3379;20180728;1;11.3;2.9;1;0.5;6;10.033;-999;4.5;16.3;951.80;23.7;57.92;30.0;17.1;16.0;eor
3379;20180729;1;6.4;2.0;1;0.0;0;12.250;-999;7.1;16.9;955.38;24.1;58.17;29.8;18.8;17.1;eor
3379;20180730;1;5.8;1.8;1;0.0;0;12.517;-999;0.8;16.3;956.21;25.3;54.08;32.3;18.7;17.1;eor
3379;20180731;1;6.6;1.8;1;0.0;0;13.950;-999;0.5;16.0;956.59;26.0;51.13;33.7;17.5;16.1;eor
3379;20180801;1;13.2;2.5;1;0.0;0;12.317;-999;2.3;16.6;957.40;27.2;48.33;34.3;20.8;19.1;eor
3379;20180802;1;9.8;3.0;1;0.0;0;12.067;-999;4.2;18.6;960.19;24.3;62.08;31.3;19.3;18.2;eor
3379;20180803;1;8.0;2.2;1;0.0;0;13.200;-999;2.6;19.1;959.19;25.9;59.38;32.7;19.7;18.5;eor
3379;20180804;1;9.0;1.7;1;0.0;0;12.300;-999;3.0;18.0;957.04;26.4;56.13;34.2;19.2;18.0;eor
3379;20180805;1;10.1;2.5;1;0.0;0;11.800;-999;3.0;18.1;957.47;25.9;55.54;31.9;21.4;19.3;eor
3379;20180806;1;8.2;2.4;1;0.0;0;12.700;-999;7.1;16.2;956.53;25.4;51.79;32.0;18.6;17.0;eor
3379;20180807;1;7.6;2.1;1;0.4;6;6.767;-999;5.6;16.2;954.07;25.6;50.17;32.0;20.5;18.9;eor
3379;20180808;1;14.3;2.6;1;0.0;0;11.067;-999;4.0;17.1;954.59;24.6;56.83;30.4;18.8;17.1;eor
3379;20180809;1;16.2;2.7;1;22.6;8;10.367;-999;5.5;16.0;954.46;25.0;54.46;35.1;17.9;17.1;eor
3379;20180810;1;10.3;2.2;1;8.5;6;0.200;-999;6.6;15.8;962.93;16.5;83.88;18.6;13.7;12.3;eor
3379;20180811;1;10.3;2.5;1;0.0;0;12.767;-999;4.5;12.7;962.03;18.4;63.67;24.7;12.4;11.4;eor
3379;20180812;1;7.5;2.0;1;0.0;0;13.783;-999;2.0;14.2;956.26;20.9;60.50;28.8;12.0;10.8;eor
3379;20180813;1;19.3;2.8;1;25.1;8;8.683;-999;4.6;16.7;951.20;21.9;67.54;30.1;17.3;15.7;eor
3379;20180814;1;8.5;2.8;1;0.0;6;3.767;-999;7.7;15.1;955.08;19.7;67.38;23.9;16.4;15.0;eor
3379;20180815;1;6.9;2.1;1;0.0;0;10.300;-999;4.1;14.7;959.20;20.5;61.92;25.7;16.7;14.8;eor
3379;20180816;1;7.9;2.3;1;0.0;0;13.483;-999;0.7;14.7;956.59;21.5;60.42;27.8;15.3;13.5;eor
3379;20180817;1;6.8;1.6;1;0.0;0;12.700;-999;2.9;14.7;955.22;21.9;59.25;29.0;14.5;13.0;eor
3379;20180818;1;6.5;2.5;1;0.0;0;10.317;-999;6.0;16.5;959.53;21.9;63.75;27.4;18.0;16.4;eor
3379;20180819;1;5.3;1.8;1;0.0;0;12.650;-999;2.1;15.5;959.54;23.2;57.88;30.1;16.6;14.9;eor
3379;20180820;1;6.5;2.2;1;0.0;0;12.683;-999;3.0;14.9;958.50;23.5;53.33;29.7;18.4;16.2;eor
3379;20180821;1;6.6;2.0;1;0.0;0;12.283;-999;0.8;15.7;958.45;23.0;57.71;29.8;16.7;15.2;eor
3379;20180822;1;7.3;1.6;1;0.0;0;13.000;-999;1.1;15.8;956.69;23.9;56.63;31.5;16.3;14.9;eor
3379;20180823;1;11.7;2.8;1;0.2;6;9.500;-999;5.8;16.6;954.08;23.8;57.75;29.9;19.6;17.9;eor
3379;20180824;1;11.7;3.3;1;3.4;6;0.767;-999;7.3;16.3;952.93;18.4;77.17;23.1;14.6;13.3;eor
